0 22
0 222
0 307
0 539
0 749
0 765
0 775
0 887
0 946
22 334
222 64
222 207
222 226
222 312
222 355
222 356
222 480
222 562
222 622
222 671
222 698
307 195
307 391
307 424
307 438
307 552
307 693
539 463
539 873
749 558
749 559
765 32
765 183
765 211
765 270
765 326
765 449
765 489
765 521
765 631
765 637
765 678
765 689
765 809
775 346
775 354
887 65
887 243
946 264
946 687
946 968
1 130
1 732
1 840
130 225
130 357
130 640
732 186
732 231
732 616
732 644
732 737
732 828
840 75
840 375
840 419
840 471
840 677
840 892
840 997
2 16
2 381
2 447
2 464
2 476
2 622
2 638
2 691
2 795
2 917
16 75
16 172
16 303
16 465
16 691
16 729
16 842
16 938
16 981
381 107
381 180
381 669
381 692
381 821
381 922
381 935
447 167
447 320
447 396
447 407
447 546
447 631
447 710
447 945
447 961
464 116
464 295
464 913
476 172
476 303
476 368
476 371
476 455
476 691
476 742
476 850
476 920
622 257
622 258
622 352
622 545
622 669
622 699
622 767
622 829
622 882
622 893
638 396
638 669
638 773
638 996
691 53
691 127
691 172
691 215
691 303
691 368
691 371
691 742
691 821
691 908
691 912
691 920
795 351
917 60
917 187
917 950
3 729
3 806
729 86
729 195
729 430
729 530
729 593
729 687
729 762
729 783
729 851
806 97
806 547
806 855
806 872
806 873
4 69
4 123
4 726
4 793
69 123
69 276
69 726
123 726
726 145
726 202
726 743
793 129
793 131
793 177
793 430
793 591
793 728
793 777
793 800
793 810
793 941
793 992
5 52
5 214
5 548
5 603
5 644
5 666
5 773
5 906
52 84
52 170
52 266
52 678
52 687
52 762
52 801
52 851
52 885
52 959
214 158
214 281
214 433
214 773
214 836
214 978
214 979
548 227
548 317
548 480
548 666
548 773
548 984
603 28
603 74
603 100
603 173
603 179
603 231
603 430
603 542
603 644
603 767
603 807
603 820
644 74
644 103
644 104
644 126
644 224
644 231
644 341
644 588
644 626
644 737
644 807
644 828
644 842
644 959
666 773
773 182
773 266
773 288
773 331
773 485
773 502
773 562
773 594
773 996
906 767
906 865
906 958
6 7
6 34
6 48
6 208
6 371
6 851
7 686
34 139
34 350
34 355
34 474
34 505
34 525
34 540
34 594
34 848
48 116
48 174
48 454
208 545
208 626
371 53
371 75
371 127
371 215
371 368
371 378
371 385
371 465
371 497
371 508
371 572
371 719
371 742
371 757
371 790
371 817
371 823
371 850
371 912
851 57
851 86
851 176
851 195
851 278
851 281
851 310
851 530
851 687
851 762
851 801
851 802
851 834
851 842
851 861
851 885
851 890
851 982
8 920
920 368
920 645
920 742
9 345
9 449
9 536
9 658
9 722
9 755
9 758
345 250
345 536
345 546
345 626
345 755
345 758
449 353
449 407
449 463
449 631
449 747
449 849
449 981
536 168
536 546
536 600
536 676
536 722
536 758
658 46
658 250
658 397
658 487
658 722
658 755
658 758
722 46
722 168
722 250
722 397
722 455
722 546
722 755
722 758
722 849
722 957
755 46
755 250
755 758
755 849
758 15
758 46
758 74
758 250
758 455
758 546
758 687
758 735
758 846
758 849
758 908
10 223
10 248
10 468
10 718
10 807
223 190
223 252
223 523
223 660
223 769
223 922
248 79
248 116
248 121
248 321
248 424
248 508
248 928
248 953
248 971
468 171
468 459
468 496
468 933
718 142
718 932
807 67
807 79
807 126
807 170
807 186
807 231
807 339
807 368
807 391
807 430
807 497
807 508
807 737
11 323
11 705
11 926
11 965
323 705
926 237
926 437
926 458
926 534
926 789
12 33
12 63
12 192
12 545
33 343
33 835
63 17
63 37
63 94
63 529
63 814
192 356
192 545
192 546
192 595
192 626
192 761
192 961
545 413
545 428
545 626
545 655
545 704
545 761
15 137
15 356
15 526
15 774
137 45
137 488
137 526
137 600
137 614
137 743
137 836
356 37
356 334
356 343
356 428
356 529
356 581
356 646
356 742
356 774
356 835
356 908
356 987
526 45
526 480
526 543
774 166
774 197
774 635
774 923
75 39
75 197
75 295
75 360
75 497
75 565
75 802
75 835
75 890
75 939
172 303
465 58
465 127
465 132
465 209
465 219
465 626
465 790
465 938
842 57
842 91
842 104
842 163
842 176
842 211
842 391
842 404
842 407
842 430
842 546
842 547
842 609
842 643
842 679
842 711
842 932
938 626
981 237
17 265
17 308
17 427
17 445
17 557
17 676
17 708
17 908
265 54
265 306
265 380
265 387
265 430
265 443
265 637
265 711
265 760
265 984
308 235
308 351
308 393
308 533
308 879
308 957
427 117
427 215
427 742
427 890
557 512
557 982
676 107
676 176
676 281
676 306
676 418
676 430
708 240
708 350
708 973
908 107
908 131
908 132
908 177
908 428
908 453
908 600
908 634
908 835
908 878
18 289
289 143
289 407
289 507
289 631
289 665
289 739
19 595
595 340
595 572
595 704
595 770
21 228
21 812
228 332
228 616
812 157
812 163
812 425
812 572
812 648
812 659
334 183
334 586
334 967
334 987
24 628
24 913
628 458
628 508
628 913
913 458
913 508
913 546
913 572
913 671
913 876
913 886
913 896
25 292
25 513
25 525
25 626
292 347
292 513
292 626
292 870
513 190
513 207
513 224
513 704
513 829
513 878
525 816
525 880
626 176
626 293
626 347
626 393
626 719
626 737
626 761
626 939
28 103
28 411
103 92
103 221
103 452
103 455
103 677
103 895
103 898
411 74
411 608
411 741
411 825
30 316
30 883
30 890
30 892
316 883
316 890
883 890
883 892
883 963
890 281
890 360
890 372
890 550
890 567
890 639
890 687
890 700
890 762
890 805
890 829
890 923
890 949
892 679
892 980
31 182
31 340
31 585
182 434
182 502
182 528
340 430
340 529
340 878
585 430
585 459
585 529
585 576
585 669
585 671
585 854
32 640
640 326
640 452
640 527
640 614
640 771
343 256
343 428
343 431
343 542
835 197
835 295
835 417
835 430
835 439
835 567
835 655
835 659
835 796
835 822
835 886
835 957
835 974
139 540
139 848
350 284
350 355
350 357
350 540
350 697
350 848
355 64
355 712
355 828
355 956
474 65
540 353
540 650
540 848
848 212
848 353
848 957
848 974
36 452
36 507
36 631
36 901
452 149
452 221
452 507
452 898
452 936
452 995
507 141
507 407
507 565
507 631
507 771
507 886
507 995
631 41
631 200
631 237
631 322
631 489
631 498
631 509
631 682
631 772
631 809
631 816
631 901
631 944
631 995
631 998
901 338
901 486
901 849
37 362
37 428
37 581
362 847
428 136
428 337
428 338
428 425
428 581
428 704
428 761
581 509
38 886
886 133
886 144
886 377
886 384
886 546
886 846
886 876
39 197
39 385
39 583
197 166
197 241
197 439
197 495
197 565
197 567
197 635
197 700
197 923
385 157
385 360
385 453
385 648
385 719
385 802
583 319
583 565
41 133
41 498
41 565
41 846
41 871
41 950
133 74
133 144
133 184
133 377
133 384
133 444
133 546
133 566
133 816
133 846
133 849
133 880
133 962
133 998
498 120
498 509
565 166
565 295
565 567
565 802
565 822
565 845
565 846
565 849
565 866
565 896
565 939
846 141
846 144
846 377
846 384
846 923
846 933
871 339
871 967
950 785
43 414
43 888
43 978
414 65
414 650
888 250
888 531
888 637
888 665
888 940
978 91
978 158
978 433
978 480
978 552
978 833
978 834
978 979
45 297
45 456
45 488
45 614
45 878
45 997
297 838
297 999
456 54
456 426
456 614
456 814
456 878
488 413
488 426
488 878
488 919
488 944
614 790
878 302
878 378
878 425
878 426
878 591
878 743
878 997
997 426
46 250
46 266
46 546
46 648
46 849
46 973
250 74
250 349
250 397
250 455
250 556
250 828
250 849
266 68
266 175
266 335
266 382
266 596
266 753
266 850
266 973
266 995
546 91
546 174
546 443
546 495
546 523
546 876
546 896
648 163
648 322
648 659
849 268
849 458
849 745
849 845
849 939
849 998
973 301
973 331
973 376
973 586
47 284
47 366
47 487
47 510
47 747
284 152
284 674
366 166
366 352
366 730
487 296
487 636
487 721
747 60
747 247
747 687
747 727
747 762
116 174
116 295
116 928
174 195
454 401
454 580
454 762
454 876
454 966
51 444
51 530
444 374
444 470
444 687
530 86
530 278
530 369
530 466
530 477
530 593
530 607
530 687
530 762
530 927
530 933
84 196
84 353
84 462
84 508
170 167
170 344
170 359
170 497
170 560
170 678
170 681
678 215
678 326
678 489
678 762
678 809
678 880
687 57
687 59
687 72
687 74
687 360
687 387
687 466
687 486
687 560
687 571
687 593
687 762
687 801
687 885
762 86
762 141
762 176
762 225
762 372
762 376
762 560
762 609
762 792
762 962
801 72
801 118
801 346
801 538
801 834
801 885
885 57
885 127
885 494
885 556
885 606
885 834
959 60
959 77
959 280
959 281
959 305
959 635
959 805
959 823
959 964
53 215
53 368
53 742
53 850
53 998
215 127
215 131
215 279
215 315
215 368
215 742
215 850
368 127
368 185
368 295
368 339
368 598
368 698
368 821
368 912
368 957
742 117
742 127
742 178
742 335
742 850
742 912
850 451
850 817
850 912
998 458
998 872
54 94
54 156
54 541
94 623
94 671
94 889
541 436
55 893
893 258
893 352
893 699
57 147
57 360
57 418
57 494
57 928
57 992
360 376
360 404
360 418
360 497
360 550
360 567
360 600
360 720
360 805
360 989
418 74
418 235
418 434
418 438
418 621
418 623
928 645
992 153
992 751
59 279
279 176
279 283
60 77
60 104
60 179
60 187
60 305
60 401
60 463
77 281
77 305
77 396
77 497
77 823
77 964
104 254
104 609
104 927
179 305
187 184
187 740
305 281
305 654
305 823
305 964
401 183
401 637
463 353
463 533
463 709
463 860
61 586
586 923
586 987
529 348
529 467
529 623
529 633
529 750
529 869
529 921
814 180
814 618
64 150
150 151
150 178
150 295
150 378
150 437
65 74
65 268
65 434
65 593
65 630
65 704
65 813
74 235
74 434
74 558
74 571
74 767
74 820
268 176
268 495
268 515
268 630
268 999
434 235
434 257
434 392
434 621
434 656
434 669
434 716
434 767
434 922
434 966
593 162
593 196
593 278
593 369
593 605
593 767
630 704
630 966
704 136
704 224
704 347
704 391
704 424
704 425
704 770
813 293
813 854
67 79
67 497
67 504
79 497
497 600
497 757
497 823
68 753
753 96
753 404
72 118
72 972
972 662
972 785
73 99
73 131
73 154
73 255
73 286
73 324
73 330
73 405
73 493
73 591
73 776
73 786
73 804
73 969
99 154
99 330
99 591
131 83
131 180
131 933
154 83
286 324
324 591
405 847
493 370
591 112
591 329
969 794
235 132
235 257
235 438
235 767
235 879
235 971
558 106
558 438
558 453
558 559
571 387
571 448
571 735
571 873
767 100
767 173
767 485
767 542
767 709
820 354
820 827
295 271
295 378
295 437
295 439
295 567
295 655
295 802
295 821
295 822
295 830
295 939
802 241
802 567
802 829
802 923
802 939
802 982
939 655
939 822
939 845
76 135
76 311
311 245
311 374
281 161
281 173
281 176
281 310
281 394
281 443
281 823
281 865
281 870
281 964
396 326
396 359
396 380
823 467
823 641
823 915
823 999
964 175
964 654
78 129
78 671
78 699
129 136
129 227
129 425
129 480
671 508
671 712
671 854
699 121
699 698
80 296
82 145
145 202
145 746
83 325
325 808
196 462
196 639
353 563
508 91
508 167
508 471
508 519
508 587
508 664
508 693
508 768
508 986
508 989
87 735
735 161
735 642
89 733
89 940
733 717
733 945
940 531
940 881
91 107
91 195
91 230
91 555
91 647
91 834
91 876
91 988
107 176
107 606
107 834
107 935
195 230
195 321
195 424
195 861
195 876
195 882
195 966
230 528
230 647
230 961
647 683
647 988
834 979
876 861
876 889
988 121
92 677
92 866
677 225
866 213
866 409
866 467
93 760
760 164
760 359
760 655
760 984
889 124
889 148
889 173
889 394
889 982
95 359
95 598
359 164
359 344
359 425
359 521
359 559
359 560
598 194
96 221
96 294
221 327
221 438
221 475
221 898
294 552
97 213
98 177
98 190
177 227
177 277
177 321
177 394
177 600
177 645
190 743
190 931
100 210
100 438
100 535
100 922
210 317
438 535
438 542
438 663
535 387
535 516
535 833
922 351
102 263
102 566
102 764
263 566
263 688
263 764
566 688
566 764
566 772
764 927
455 183
455 725
455 828
895 693
898 983
254 354
609 560
609 944
609 962
176 310
176 372
176 394
606 605
606 664
935 821
108 270
270 348
270 523
270 641
270 664
270 809
270 999
112 572
572 587
113 224
224 394
224 650
224 836
224 942
120 771
121 312
312 669
312 933
124 600
600 173
600 426
126 231
126 737
231 186
231 242
231 430
231 549
231 559
231 693
231 737
737 186
737 321
737 549
737 799
737 828
127 757
128 424
424 425
424 580
136 348
136 425
136 837
227 226
227 430
227 984
425 163
425 347
425 601
425 985
480 158
480 293
480 321
480 693
480 761
480 854
480 957
225 560
357 616
180 808
180 873
933 669
933 805
933 996
132 517
144 377
144 384
144 409
144 962
184 390
184 547
184 857
377 384
377 944
377 962
384 166
384 247
384 275
384 495
384 559
384 855
384 962
816 237
816 275
816 515
816 772
816 872
816 880
880 217
880 515
880 564
880 772
962 467
134 207
134 663
207 348
207 770
207 837
348 523
348 837
837 624
743 328
743 590
140 683
683 957
141 538
143 218
143 739
218 237
218 740
409 921
746 947
148 209
148 394
148 634
148 674
148 982
209 645
209 697
209 829
394 173
394 310
394 347
394 634
394 982
634 173
634 242
634 380
634 436
634 982
982 173
982 768
149 443
149 637
443 306
443 637
443 870
637 407
637 531
637 559
637 679
637 689
637 711
178 271
178 437
378 437
378 968
437 692
153 777
153 798
777 329
798 329
157 163
163 391
158 341
158 552
158 833
341 636
833 387
833 485
833 553
160 577
160 636
160 900
161 642
161 934
934 709
934 872
934 958
162 412
162 653
412 877
391 232
391 698
391 993
165 857
165 936
166 241
166 349
166 388
166 439
166 635
166 700
166 923
241 169
349 167
439 700
635 805
700 643
700 713
167 689
167 815
167 869
167 986
689 237
689 407
689 453
869 556
986 458
681 242
681 280
681 380
681 403
681 436
173 542
175 204
204 974
310 953
321 761
645 302
645 313
645 584
645 601
271 185
271 309
271 331
271 692
271 967
873 327
873 336
873 477
873 486
873 589
873 872
502 240
502 528
390 785
390 953
547 403
547 697
185 309
185 326
185 331
185 967
309 331
309 967
326 211
326 467
331 967
967 579
967 911
740 237
740 903
188 931
931 821
189 275
961 495
961 710
961 717
961 945
194 797
797 293
797 693
797 712
861 293
861 993
882 253
966 315
639 485
495 945
567 550
567 655
567 805
567 822
201 633
201 652
201 713
633 521
633 713
652 519
652 521
652 562
652 713
652 817
713 521
974 240
974 659
205 351
205 379
205 550
351 943
550 805
550 949
770 989
317 313
317 580
317 789
237 852
562 519
698 789
252 660
252 769
523 660
650 953
942 387
430 549
430 984
984 338
616 477
242 280
242 380
242 403
242 436
559 304
559 453
559 968
559 975
693 989
257 669
257 971
879 393
971 858
236 831
236 994
831 404
831 429
994 298
994 346
852 457
852 862
238 646
646 336
646 987
240 605
240 627
240 953
605 719
605 953
280 261
280 436
380 403
380 436
403 436
436 453
436 588
247 361
249 941
828 288
828 725
828 799
253 337
337 358
354 661
354 709
256 358
669 996
262 975
975 730
387 369
387 482
387 485
387 492
387 553
335 471
596 301
995 483
515 772
515 904
999 641
999 664
641 590
641 915
664 481
664 580
809 489
809 659
692 821
692 859
273 346
346 304
870 695
285 470
285 811
811 731
288 662
288 725
725 958
407 527
407 665
293 607
293 854
854 459
854 587
655 881
821 304
821 859
301 945
945 320
945 710
945 717
945 884
304 518
533 573
957 784
374 422
314 329
580 859
320 884
467 564
987 336
336 589
338 458
338 509
458 413
431 768
943 796
943 952
709 389
709 599
709 872
709 958
521 478
805 453
912 481
719 881
944 413
944 754
968 486
492 389
392 845
400 569
400 741
921 477
426 768
429 564
656 827
710 717
477 584
479 554
479 670
554 904
670 590
670 947
486 680
904 534
904 618
524 915
543 779
949 788
578 858
702 862
872 731
872 958
